Graph 1
Adjacency List: [[4, 5], [4, 5], [4, 5], [5], [0, 1, 2], [0, 1, 2, 3]]
Final Visited: 0,0,0,1,1,1

Graph 2
Adjacency List: [[4, 5], [4, 5], [4, 5], [5], [0, 1, 2, 5], [0, 1, 2, 3, 4]]
Final Visited: 0,0,0,0,1,1

7c 

Graph 1
Adjacency List: [[5, 6], [5, 6], [5, 6], [5, 6], [6], [0, 1, 2, 3], [0, 1, 2, 3, 4]]
Final Visited: 0,0,0,0,0,1,1

Graph 2
Adjacency List: [[5, 6], [5, 6], [5, 6], [5, 6], [6], [0, 1, 2, 3, 6], [0, 1, 2, 3, 4, 5]]
Final Visited: 0,0,0,0,0,1,1

Graph 3
Adjacency List: [[4, 6], [5, 6], [5, 6], [6], [0, 6], [1, 2, 6], [0, 1, 2, 3, 4, 5]]
Final Visited: 0,1,1,1,0,1,1

Graph 4
Adjacency List: [[4, 6], [5, 6], [5, 6], [5, 6], [0], [1, 2, 3, 6], [0, 1, 2, 3, 5]]
Final Visited: 0,1,1,1,1,1,1

Graph 5
Adjacency List: [[4, 5], [5, 6], [5, 6], [6], [0, 6], [0, 1, 2], [1, 2, 3, 4]]
Final Visited: 1,1,1,1,0,1,1

Graph 6
Adjacency List: [[4, 5], [5, 6], [5, 6], [6], [0, 6], [0, 1, 2, 6], [1, 2, 3, 4, 5]]
Final Visited: 1,1,1,1,0,1,1

Graph 7
Adjacency List: [[4, 5, 6], [5, 6], [5, 6], [6], [0, 6], [0, 1, 2], [0, 1, 2, 3, 4]]
Final Visited: 0,1,1,1,0,1,1

Graph 8
Adjacency List: [[4, 5, 6], [5, 6], [5, 6], [6], [0, 6], [0, 1, 2, 6], [0, 1, 2, 3, 4, 5]]
Final Visited: 0,1,1,1,0,1,1

Graph 9
Adjacency List: [[4, 5, 6], [5, 6], [5, 6], [6], [0, 5, 6], [0, 1, 2, 4], [0, 1, 2, 3, 4]]
Final Visited: 0,1,1,1,0,1,1

Graph 10
Adjacency List: [[4, 5, 6], [5, 6], [5, 6], [6], [0, 5, 6], [0, 1, 2, 4, 6], [0, 1, 2, 3, 4, 5]]
Final Visited: 0,1,1,1,0,1,1

Graph 11
Adjacency List: [[4, 5, 6], [5, 6], [5, 6], [5], [0, 6], [0, 1, 2, 3], [0, 1, 2, 4]]
Final Visited: 0,1,1,1,1,1,1

Graph 12
Adjacency List: [[4, 5, 6], [5, 6], [5, 6], [5], [0, 6], [0, 1, 2, 3, 6], [0, 1, 2, 4, 5]]
Final Visited: 0,1,1,1,1,1,1

Graph 13
Adjacency List: [[4, 5, 6], [5, 6], [5, 6], [5, 6], [0], [0, 1, 2, 3], [0, 1, 2, 3]]
Final Visited: 0,1,1,1,1,1,1

Graph 14
Adjacency List: [[4, 5, 6], [5, 6], [5, 6], [5, 6], [0], [0, 1, 2, 3, 6], [0, 1, 2, 3, 5]]
Final Visited: 0,1,1,1,1,1,1

Graph 15
Adjacency List: [[3, 5, 6], [4, 6], [6], [0, 5, 6], [1, 6], [0, 3, 6], [0, 1, 2, 3, 4, 5]]
Final Visited: 1,0,1,1,0,1,1

8c



Graph 1
Adjacency List: [[6, 7], [6, 7], [6, 7], [6, 7], [6, 7], [7], [0, 1, 2, 3, 4], [0, 1, 2, 3, 4, 5]]
Final Visited: 0,0,0,0,0,0,1,1

Graph 2
Adjacency List: [[6, 7], [6, 7], [6, 7], [6, 7], [6, 7], [7], [0, 1, 2, 3, 4, 7], [0, 1, 2, 3, 4, 5, 6]]
Final Visited: 0,0,0,0,0,0,1,1

Graph 3
Adjacency List: [[5, 7], [6, 7], [6, 7], [6, 7], [7], [0, 7], [1, 2, 3], [0, 1, 2, 3, 4, 5]]
Final Visited: 0,0,0,0,1,0,1,1

Graph 4
Adjacency List: [[5, 7], [6, 7], [6, 7], [6, 7], [7], [0, 7], [1, 2, 3, 7], [0, 1, 2, 3, 4, 5, 6]]
Final Visited: 0,0,0,0,0,0,1,1

Graph 5
Adjacency List: [[5, 7], [6, 7], [6, 7], [6, 7], [6], [0, 7], [1, 2, 3, 4], [0, 1, 2, 3, 5]]
Final Visited: 1,0,0,0,1,1,1,1

Graph 6
Adjacency List: [[5, 7], [6, 7], [6, 7], [6, 7], [6], [0, 7], [1, 2, 3, 4, 7], [0, 1, 2, 3, 5, 6]]
Final Visited: 0,0,0,0,0,0,1,1

Graph 7
Adjacency List: [[5, 7], [6, 7], [6, 7], [6, 7], [6, 7], [0], [1, 2, 3, 4], [0, 1, 2, 3, 4]]
Final Visited: 0,0,0,0,0,1,1,1

Graph 8
Adjacency List: [[5, 7], [6, 7], [6, 7], [6, 7], [6, 7], [0], [1, 2, 3, 4, 7], [0, 1, 2, 3, 4, 6]]
Final Visited: 0,0,0,0,0,1,1,1

Graph 9
Adjacency List: [[5, 6], [6, 7], [6, 7], [6, 7], [7], [0, 7], [0, 1, 2, 3], [1, 2, 3, 4, 5]]
Final Visited: 0,0,0,0,1,0,1,1

Graph 10
Adjacency List: [[5, 6], [6, 7], [6, 7], [6, 7], [7], [0, 7], [0, 1, 2, 3, 7], [1, 2, 3, 4, 5, 6]]
Final Visited: 0,0,0,0,0,0,1,1

Graph 11
Adjacency List: [[5, 6, 7], [6, 7], [6, 7], [6, 7], [7], [0, 7], [0, 1, 2, 3], [0, 1, 2, 3, 4, 5]]
Final Visited: 0,0,0,0,1,0,1,1

Graph 12
Adjacency List: [[5, 6, 7], [6, 7], [6, 7], [6, 7], [7], [0, 7], [0, 1, 2, 3, 7], [0, 1, 2, 3, 4, 5, 6]]
Final Visited: 0,0,0,0,0,0,1,1

Graph 13
Adjacency List: [[5, 6, 7], [6, 7], [6, 7], [6, 7], [7], [0, 6, 7], [0, 1, 2, 3, 5], [0, 1, 2, 3, 4, 5]]
Final Visited: 0,0,0,0,1,0,1,1

Graph 14
Adjacency List: [[5, 6, 7], [6, 7], [6, 7], [6, 7], [7], [0, 6, 7], [0, 1, 2, 3, 5, 7], [0, 1, 2, 3, 4, 5, 6]]
Final Visited: 0,0,0,0,0,0,1,1

Graph 15
Adjacency List: [[5, 6, 7], [6, 7], [6, 7], [6, 7], [6], [0, 7], [0, 1, 2, 3, 4], [0, 1, 2, 3, 5]]
Final Visited: 0,0,0,0,1,0,1,1

Graph 16
Adjacency List: [[5, 6, 7], [6, 7], [6, 7], [6, 7], [6], [0, 7], [0, 1, 2, 3, 4, 7], [0, 1, 2, 3, 5, 6]]
Final Visited: 0,0,0,0,0,0,1,1

Graph 17
Adjacency List: [[5, 6, 7], [6, 7], [6, 7], [6, 7], [6, 7], [0], [0, 1, 2, 3, 4], [0, 1, 2, 3, 4]]
Final Visited: 0,0,0,0,0,1,1,1

Graph 18
Adjacency List: [[5, 6, 7], [6, 7], [6, 7], [6, 7], [6, 7], [0], [0, 1, 2, 3, 4, 7], [0, 1, 2, 3, 4, 6]]
Final Visited: 0,0,0,0,0,1,1,1

Graph 19
Adjacency List: [[5, 7], [5, 7], [6, 7], [6, 7], [7], [0, 1, 7], [2, 3], [0, 1, 2, 3, 4, 5]]
Final Visited: 1,1,0,0,1,1,1,1

Graph 20
Adjacency List: [[5, 7], [5, 7], [6, 7], [6, 7], [7], [0, 1, 7], [2, 3, 7], [0, 1, 2, 3, 4, 5, 6]]
Final Visited: 0,0,0,0,0,0,0,1

Graph 21
Adjacency List: [[5, 7], [5, 7], [6, 7], [6, 7], [7], [0, 1, 6], [2, 3, 5], [0, 1, 2, 3, 4]]
Final Visited: 0,0,0,0,1,1,1,1

Graph 22
Adjacency List: [[5, 7], [5, 7], [6, 7], [6, 7], [7], [0, 1, 6, 7], [2, 3, 5], [0, 1, 2, 3, 4, 5]]
Final Visited: 0,0,0,0,1,0,1,1

Graph 23
Adjacency List: [[5, 7], [5, 7], [6, 7], [6, 7], [7], [0, 1, 6, 7], [2, 3, 5, 7], [0, 1, 2, 3, 4, 5, 6]]
Final Visited: 0,0,0,0,0,0,0,1

Graph 24
Adjacency List: [[5, 7], [5], [6, 7], [6, 7], [6, 7], [0, 1], [2, 3, 4, 7], [0, 2, 3, 4, 6]]
Final Visited: 0,1,1,1,1,1,1,1

Graph 25
Adjacency List: [[5, 7], [5], [6, 7], [6, 7], [6, 7], [0, 1, 7], [2, 3, 4, 7], [0, 2, 3, 4, 5, 6]]
Final Visited: 0,1,1,1,1,0,1,1

Graph 26
Adjacency List: [[5, 7], [5, 7], [6, 7], [6, 7], [6], [0, 1, 7], [2, 3, 4], [0, 1, 2, 3, 5]]
Final Visited: 1,1,0,0,1,1,1,1

Graph 27
Adjacency List: [[5, 7], [5, 7], [6, 7], [6, 7], [6], [0, 1, 7], [2, 3, 4, 7], [0, 1, 2, 3, 5, 6]]
Final Visited: 1,1,0,0,1,1,1,1

Graph 28
Adjacency List: [[5, 7], [5], [6, 7], [6, 7], [6, 7], [0, 1, 6], [2, 3, 4, 5], [0, 2, 3, 4]]
Final Visited: 0,1,1,1,1,0,1,1

Graph 29
Adjacency List: [[5, 7], [5], [6, 7], [6, 7], [6, 7], [0, 1, 6], [2, 3, 4, 5, 7], [0, 2, 3, 4, 6]]
Final Visited: 0,1,1,1,1,0,1,1

Graph 30
Adjacency List: [[5, 7], [5], [6, 7], [6, 7], [6, 7], [0, 1, 6, 7], [2, 3, 4, 5], [0, 2, 3, 4, 5]]
Final Visited: 0,1,1,1,1,0,1,1

Graph 31
Adjacency List: [[5, 7], [5], [6, 7], [6, 7], [6, 7], [0, 1, 6, 7], [2, 3, 4, 5, 7], [0, 2, 3, 4, 5, 6]]
Final Visited: 0,1,1,1,1,0,1,1

Graph 32
Adjacency List: [[5, 7], [5, 7], [6, 7], [6, 7], [6], [0, 1, 6], [2, 3, 4, 5], [0, 1, 2, 3]]
Final Visited: 1,1,0,0,1,0,1,1

Graph 33
Adjacency List: [[5, 7], [5, 7], [6, 7], [6, 7], [6], [0, 1, 6], [2, 3, 4, 5, 7], [0, 1, 2, 3, 6]]
Final Visited: 1,1,0,0,1,0,1,1

Graph 34
Adjacency List: [[5, 7], [5, 7], [6, 7], [6, 7], [6], [0, 1, 6, 7], [2, 3, 4, 5], [0, 1, 2, 3, 5]]
Final Visited: 1,1,0,0,1,0,1,1

Graph 35
Adjacency List: [[5, 7], [5, 7], [6, 7], [6, 7], [6], [0, 1, 6, 7], [2, 3, 4, 5, 7], [0, 1, 2, 3, 5, 6]]
Final Visited: 1,1,0,0,1,0,1,1

Graph 36
Adjacency List: [[5, 6], [5, 7], [6, 7], [6, 7], [7], [0, 1], [0, 2, 3, 7], [1, 2, 3, 4, 6]]
Final Visited: 1,0,1,1,1,1,1,1

Graph 37
Adjacency List: [[5, 6], [5, 7], [6, 7], [6, 7], [7], [0, 1, 7], [0, 2, 3], [1, 2, 3, 4, 5]]
Final Visited: 1,1,0,0,1,0,1,1

Graph 38
Adjacency List: [[5, 6], [5, 7], [6, 7], [6, 7], [7], [0, 1, 7], [0, 2, 3, 7], [1, 2, 3, 4, 5, 6]]
Final Visited: 1,0,0,0,1,0,1,1

Graph 39
Adjacency List: [[5, 6, 7], [5, 7], [6, 7], [6, 7], [7], [0, 1], [0, 2, 3], [0, 1, 2, 3, 4]]
Final Visited: 0,1,1,1,1,1,1,1

Graph 40
Adjacency List: [[5, 6, 7], [5, 7], [6, 7], [6, 7], [7], [0, 1], [0, 2, 3, 7], [0, 1, 2, 3, 4, 6]]
Final Visited: 0,0,1,1,1,1,1,1

Graph 41
Adjacency List: [[5, 6, 7], [5, 7], [6, 7], [6, 7], [7], [0, 1, 7], [0, 2, 3], [0, 1, 2, 3, 4, 5]]
Final Visited: 0,1,0,0,1,0,1,1

Graph 42
Adjacency List: [[5, 6, 7], [5, 7], [6, 7], [6, 7], [7], [0, 1, 7], [0, 2, 3, 7], [0, 1, 2, 3, 4, 5, 6]]
Final Visited: 0,0,0,0,0,0,1,1

Graph 43
Adjacency List: [[5, 6], [5, 7], [6, 7], [6, 7], [7], [0, 1, 6], [0, 2, 3, 5], [1, 2, 3, 4]]
Final Visited: 1,0,0,0,1,1,1,1

Graph 44
Adjacency List: [[5, 6], [5, 7], [6, 7], [6, 7], [7], [0, 1, 6], [0, 2, 3, 5, 7], [1, 2, 3, 4, 6]]
Final Visited: 1,0,0,0,1,1,1,1

Graph 45
Adjacency List: [[5, 6], [5, 7], [6, 7], [6, 7], [7], [0, 1, 6, 7], [0, 2, 3, 5], [1, 2, 3, 4, 5]]
Final Visited: 1,0,0,0,1,0,1,1

Graph 46
Adjacency List: [[5, 6], [5, 7], [6, 7], [6, 7], [7], [0, 1, 6, 7], [0, 2, 3, 5, 7], [1, 2, 3, 4, 5, 6]]
Final Visited: 1,0,0,0,1,0,1,1

Graph 47
Adjacency List: [[5, 6, 7], [5, 7], [6, 7], [6, 7], [7], [0, 1, 6], [0, 2, 3, 5], [0, 1, 2, 3, 4]]
Final Visited: 0,0,0,0,1,1,1,1

Graph 48
Adjacency List: [[5, 6, 7], [5, 7], [6, 7], [6, 7], [7], [0, 1, 6], [0, 2, 3, 5, 7], [0, 1, 2, 3, 4, 6]]
Final Visited: 0,0,0,0,1,1,1,1

Graph 49
Adjacency List: [[5, 6, 7], [5, 7], [6, 7], [6, 7], [7], [0, 1, 6, 7], [0, 2, 3, 5], [0, 1, 2, 3, 4, 5]]
Final Visited: 0,0,0,0,1,0,1,1

Graph 50
Adjacency List: [[5, 6, 7], [5, 7], [6, 7], [6, 7], [7], [0, 1, 6, 7], [0, 2, 3, 5, 7], [0, 1, 2, 3, 4, 5, 6]]
Final Visited: 0,0,0,0,0,0,1,1

Graph 51
Adjacency List: [[5, 6, 7], [5], [6, 7], [6, 7], [6, 7], [0, 1], [0, 2, 3, 4], [0, 2, 3, 4]]
Final Visited: 0,1,1,1,1,1,1,1

Graph 52
Adjacency List: [[5, 6, 7], [5], [6, 7], [6, 7], [6, 7], [0, 1], [0, 2, 3, 4, 7], [0, 2, 3, 4, 6]]
Final Visited: 0,1,1,1,1,1,1,1

Graph 53
Adjacency List: [[5, 6, 7], [5], [6, 7], [6, 7], [6, 7], [0, 1, 7], [0, 2, 3, 4], [0, 2, 3, 4, 5]]
Final Visited: 0,1,1,1,1,0,1,1

Graph 54
Adjacency List: [[5, 6, 7], [5], [6, 7], [6, 7], [6, 7], [0, 1, 7], [0, 2, 3, 4, 7], [0, 2, 3, 4, 5, 6]]
Final Visited: 0,1,1,1,1,0,1,1

Graph 55
Adjacency List: [[5, 6, 7], [5, 7], [6, 7], [6, 7], [6], [0, 1], [0, 2, 3, 4], [0, 1, 2, 3]]
Final Visited: 0,1,1,1,1,1,1,1

Graph 56
Adjacency List: [[5, 6, 7], [5, 7], [6, 7], [6, 7], [6], [0, 1], [0, 2, 3, 4, 7], [0, 1, 2, 3, 6]]
Final Visited: 0,1,1,1,1,1,1,1

Graph 57
Adjacency List: [[5, 6, 7], [5, 7], [6, 7], [6, 7], [6], [0, 1, 7], [0, 2, 3, 4], [0, 1, 2, 3, 5]]
Final Visited: 0,1,0,0,1,1,1,1

Graph 58
Adjacency List: [[5, 6, 7], [5, 7], [6, 7], [6, 7], [6], [0, 1, 7], [0, 2, 3, 4, 7], [0, 1, 2, 3, 5, 6]]
Final Visited: 0,1,0,0,1,1,1,1

Graph 59
Adjacency List: [[5, 6, 7], [5], [6, 7], [6, 7], [6, 7], [0, 1, 6, 7], [0, 2, 3, 4, 5], [0, 2, 3, 4, 5]]
Final Visited: 0,1,1,1,1,0,1,1

Graph 60
Adjacency List: [[5, 6, 7], [5], [6, 7], [6, 7], [6, 7], [0, 1, 6, 7], [0, 2, 3, 4, 5, 7], [0, 2, 3, 4, 5, 6]]
Final Visited: 0,1,1,1,1,0,1,1

Graph 61
Adjacency List: [[5, 6, 7], [5, 7], [6, 7], [6, 7], [6], [0, 1, 6, 7], [0, 2, 3, 4, 5], [0, 1, 2, 3, 5]]
Final Visited: 0,1,0,0,1,0,1,1

Graph 62
Adjacency List: [[5, 6, 7], [5, 7], [6, 7], [6, 7], [6], [0, 1, 6, 7], [0, 2, 3, 4, 5, 7], [0, 1, 2, 3, 5, 6]]
Final Visited: 0,1,0,0,1,0,1,1

Graph 63
Adjacency List: [[5, 6, 7], [5, 6], [6, 7], [6, 7], [7], [0, 1, 7], [0, 1, 2, 3], [0, 2, 3, 4, 5]]
Final Visited: 0,1,0,0,1,0,1,1

Graph 64
Adjacency List: [[5, 6, 7], [5, 6], [6, 7], [6, 7], [7], [0, 1, 7], [0, 1, 2, 3, 7], [0, 2, 3, 4, 5, 6]]
Final Visited: 0,1,0,0,1,0,1,1

Graph 65
Adjacency List: [[5, 6, 7], [5, 6, 7], [6, 7], [6, 7], [7], [0, 1], [0, 1, 2, 3], [0, 1, 2, 3, 4]]
Final Visited: 0,0,1,1,1,1,1,1

Graph 66
Adjacency List: [[5, 6, 7], [5, 6, 7], [6, 7], [6, 7], [7], [0, 1], [0, 1, 2, 3, 7], [0, 1, 2, 3, 4, 6]]
Final Visited: 0,0,1,1,1,1,1,1

Graph 67
Adjacency List: [[5, 6, 7], [5, 6, 7], [6, 7], [6, 7], [7], [0, 1, 7], [0, 1, 2, 3], [0, 1, 2, 3, 4, 5]]
Final Visited: 0,0,0,0,1,0,1,1

Graph 68
Adjacency List: [[5, 6, 7], [5, 6, 7], [6, 7], [6, 7], [7], [0, 1, 7], [0, 1, 2, 3, 7], [0, 1, 2, 3, 4, 5, 6]]
Final Visited: 0,0,0,0,0,0,1,1

Graph 69
Adjacency List: [[5, 6, 7], [5, 6, 7], [6, 7], [6, 7], [7], [0, 1, 6], [0, 1, 2, 3, 5], [0, 1, 2, 3, 4]]
Final Visited: 0,0,0,0,1,1,1,1

Graph 70
Adjacency List: [[5, 6, 7], [5, 6, 7], [6, 7], [6, 7], [7], [0, 1, 6], [0, 1, 2, 3, 5, 7], [0, 1, 2, 3, 4, 6]]
Final Visited: 0,0,0,0,1,1,1,1

Graph 71
Adjacency List: [[5, 6, 7], [5, 6, 7], [6, 7], [6, 7], [7], [0, 1, 6, 7], [0, 1, 2, 3, 5], [0, 1, 2, 3, 4, 5]]
Final Visited: 0,0,0,0,1,0,1,1

Graph 72
Adjacency List: [[5, 6, 7], [5, 6, 7], [6, 7], [6, 7], [7], [0, 1, 6, 7], [0, 1, 2, 3, 5, 7], [0, 1, 2, 3, 4, 5, 6]]
Final Visited: 0,0,0,0,0,0,1,1

Graph 73
Adjacency List: [[5, 6], [5, 7], [5], [6, 7], [6, 7], [0, 1, 2, 7], [0, 3, 4], [1, 3, 4, 5]]
Final Visited: 0,1,1,1,1,1,1,1

Graph 74
Adjacency List: [[5, 6], [5, 7], [5, 7], [6, 7], [6], [0, 1, 2, 7], [0, 3, 4], [1, 2, 3, 5]]
Final Visited: 0,1,1,0,1,1,1,1

Graph 75
Adjacency List: [[5, 6], [5, 7], [5, 7], [6, 7], [6], [0, 1, 2, 7], [0, 3, 4, 7], [1, 2, 3, 5, 6]]
Final Visited: 0,1,1,0,1,1,1,1

Graph 76
Adjacency List: [[5, 6, 7], [5, 7], [5], [6, 7], [6, 7], [0, 1, 2, 7], [0, 3, 4], [0, 1, 3, 4, 5]]
Final Visited: 0,1,1,1,1,1,1,1

Graph 77
Adjacency List: [[5, 6, 7], [5, 7], [5, 7], [6, 7], [6], [0, 1, 2], [0, 3, 4], [0, 1, 2, 3]]
Final Visited: 0,1,1,1,1,1,1,1

Graph 78
Adjacency List: [[5, 6, 7], [5, 7], [5, 7], [6, 7], [6], [0, 1, 2, 7], [0, 3, 4], [0, 1, 2, 3, 5]]
Final Visited: 0,1,1,0,1,1,1,1

Graph 79
Adjacency List: [[5, 6, 7], [5, 7], [5, 7], [6, 7], [6], [0, 1, 2, 7], [0, 3, 4, 7], [0, 1, 2, 3, 5, 6]]
Final Visited: 0,1,1,0,1,1,1,1

Graph 80
Adjacency List: [[5, 6], [5, 7], [5, 7], [6, 7], [6], [0, 1, 2, 6, 7], [0, 3, 4, 5, 7], [1, 2, 3, 5, 6]]
Final Visited: 0,1,1,0,1,1,1,1

Graph 81
Adjacency List: [[5, 6, 7], [5, 7], [5], [6, 7], [6, 7], [0, 1, 2, 6, 7], [0, 3, 4, 5], [0, 1, 3, 4, 5]]
Final Visited: 0,0,1,1,1,1,1,1

Graph 82
Adjacency List: [[5, 6, 7], [5, 7], [5, 7], [6, 7], [6], [0, 1, 2, 6, 7], [0, 3, 4, 5], [0, 1, 2, 3, 5]]
Final Visited: 0,1,1,0,1,1,1,1

Graph 83
Adjacency List: [[5, 6, 7], [5, 7], [5, 7], [6, 7], [6], [0, 1, 2, 6, 7], [0, 3, 4, 5, 7], [0, 1, 2, 3, 5, 6]]
Final Visited: 0,1,1,0,1,1,1,1

Graph 84
Adjacency List: [[5, 6], [5, 6], [5, 7], [6, 7], [7], [0, 1, 2, 7], [0, 1, 3, 7], [2, 3, 4, 5, 6]]
Final Visited: 1,1,0,0,1,1,1,1

Graph 85
Adjacency List: [[5, 6, 7], [5, 6], [5, 7], [6, 7], [7], [0, 1, 2], [0, 1, 3], [0, 2, 3, 4]]
Final Visited: 0,1,1,1,1,1,1,1

Graph 86
Adjacency List: [[5, 6, 7], [5, 6], [5, 7], [6, 7], [7], [0, 1, 2, 7], [0, 1, 3], [0, 2, 3, 4, 5]]
Final Visited: 0,1,1,0,1,1,1,1

Graph 87
Adjacency List: [[5, 6, 7], [5, 6], [5, 7], [6, 7], [7], [0, 1, 2, 7], [0, 1, 3, 7], [0, 2, 3, 4, 5, 6]]
Final Visited: 0,1,0,0,1,1,1,1

Graph 88
Adjacency List: [[5, 6, 7], [5, 6, 7], [5, 7], [6, 7], [7], [0, 1, 2], [0, 1, 3], [0, 1, 2, 3, 4]]
Final Visited: 0,0,1,1,1,1,1,1

Graph 89
Adjacency List: [[5, 6, 7], [5, 6, 7], [5, 7], [6, 7], [7], [0, 1, 2, 7], [0, 1, 3], [0, 1, 2, 3, 4, 5]]
Final Visited: 0,0,1,0,1,1,1,1

Graph 90
Adjacency List: [[5, 6, 7], [5, 6, 7], [5, 7], [6, 7], [7], [0, 1, 2, 7], [0, 1, 3, 7], [0, 1, 2, 3, 4, 5, 6]]
Final Visited: 0,0,0,0,0,1,1,1

Graph 91
Adjacency List: [[5, 6, 7], [5, 6], [5, 7], [6, 7], [7], [0, 1, 2, 6, 7], [0, 1, 3, 5], [0, 2, 3, 4, 5]]
Final Visited: 0,1,0,0,1,1,1,1

Graph 92
Adjacency List: [[5, 6, 7], [5, 6], [5, 7], [6, 7], [7], [0, 1, 2, 6, 7], [0, 1, 3, 5, 7], [0, 2, 3, 4, 5, 6]]
Final Visited: 0,1,0,0,1,1,1,1

Graph 93
Adjacency List: [[5, 6, 7], [5, 6, 7], [5, 7], [6, 7], [7], [0, 1, 2, 6], [0, 1, 3, 5], [0, 1, 2, 3, 4]]
Final Visited: 0,0,0,0,1,1,1,1

Graph 94
Adjacency List: [[5, 6, 7], [5, 6, 7], [5, 7], [6, 7], [7], [0, 1, 2, 6, 7], [0, 1, 3, 5], [0, 1, 2, 3, 4, 5]]
Final Visited: 0,0,0,0,1,1,1,1

Graph 95
Adjacency List: [[5, 6, 7], [5, 6, 7], [5, 7], [6, 7], [7], [0, 1, 2, 6, 7], [0, 1, 3, 5, 7], [0, 1, 2, 3, 4, 5, 6]]
Final Visited: 0,0,0,0,0,1,1,1

Graph 96
Adjacency List: [[5, 6, 7], [5, 6], [5], [6, 7], [6, 7], [0, 1, 2, 7], [0, 1, 3, 4], [0, 3, 4, 5]]
Final Visited: 0,0,1,1,1,1,1,1

Graph 97
Adjacency List: [[5, 6, 7], [5, 6], [5, 7], [6, 7], [6], [0, 1, 2, 7], [0, 1, 3, 4], [0, 2, 3, 5]]
Final Visited: 0,0,1,0,1,1,1,1

Graph 98
Adjacency List: [[5, 6, 7], [5, 6, 7], [5], [6, 7], [6, 7], [0, 1, 2], [0, 1, 3, 4], [0, 1, 3, 4]]
Final Visited: 0,0,1,1,1,1,1,1

Graph 99
Adjacency List: [[5, 6, 7], [5, 6, 7], [5], [6, 7], [6, 7], [0, 1, 2], [0, 1, 3, 4, 7], [0, 1, 3, 4, 6]]
Final Visited: 0,0,1,1,1,1,1,1

Graph 100
Adjacency List: [[5, 6, 7], [5, 6, 7], [5], [6, 7], [6, 7], [0, 1, 2, 7], [0, 1, 3, 4], [0, 1, 3, 4, 5]]
Final Visited: 0,0,1,1,1,1,1,1

Graph 101
Adjacency List: [[5, 6, 7], [5, 6, 7], [5], [6, 7], [6, 7], [0, 1, 2, 7], [0, 1, 3, 4, 7], [0, 1, 3, 4, 5, 6]]
Final Visited: 0,0,1,1,1,1,1,1

Graph 102
Adjacency List: [[5, 6, 7], [5, 6, 7], [5, 7], [6, 7], [6], [0, 1, 2], [0, 1, 3, 4], [0, 1, 2, 3]]
Final Visited: 0,0,1,1,1,1,1,1

Graph 103
Adjacency List: [[5, 6, 7], [5, 6, 7], [5, 7], [6, 7], [6], [0, 1, 2], [0, 1, 3, 4, 7], [0, 1, 2, 3, 6]]
Final Visited: 0,0,1,1,1,1,1,1

Graph 104
Adjacency List: [[5, 6, 7], [5, 6, 7], [5, 7], [6, 7], [6], [0, 1, 2, 7], [0, 1, 3, 4], [0, 1, 2, 3, 5]]
Final Visited: 0,0,1,0,1,1,1,1

Graph 105
Adjacency List: [[5, 6, 7], [5, 6, 7], [5, 7], [6, 7], [6], [0, 1, 2, 7], [0, 1, 3, 4, 7], [0, 1, 2, 3, 5, 6]]
Final Visited: 0,0,1,0,1,1,1,1

Graph 106
Adjacency List: [[5, 6, 7], [5, 6, 7], [5], [6, 7], [6, 7], [0, 1, 2, 6, 7], [0, 1, 3, 4, 5, 7], [0, 1, 3, 4, 5, 6]]
Final Visited: 0,0,1,1,1,1,1,1

Graph 107
Adjacency List: [[5, 6, 7], [5, 6, 7], [5, 7], [6, 7], [6], [0, 1, 2, 6, 7], [0, 1, 3, 4, 5, 7], [0, 1, 2, 3, 5, 6]]
Final Visited: 0,0,1,0,1,1,1,1

Graph 108
Adjacency List: [[5, 6, 7], [5, 6, 7], [5, 6], [6, 7], [7], [0, 1, 2, 7], [0, 1, 2, 3], [0, 1, 3, 4, 5]]
Final Visited: 0,0,1,0,1,1,1,1

Graph 109
Adjacency List: [[5, 6, 7], [5, 6, 7], [5, 6], [6, 7], [7], [0, 1, 2, 7], [0, 1, 2, 3, 7], [0, 1, 3, 4, 5, 6]]
Final Visited: 0,0,1,0,1,1,1,1

Graph 110
Adjacency List: [[5, 6, 7], [5, 6, 7], [5, 6, 7], [6, 7], [7], [0, 1, 2], [0, 1, 2, 3], [0, 1, 2, 3, 4]]
Final Visited: 0,0,0,1,1,1,1,1

Graph 111
Adjacency List: [[5, 6, 7], [5, 6, 7], [5, 6, 7], [6, 7], [7], [0, 1, 2], [0, 1, 2, 3, 7], [0, 1, 2, 3, 4, 6]]
Final Visited: 0,0,0,1,1,1,1,1

Graph 112
Adjacency List: [[5, 6, 7], [5, 6, 7], [5, 6, 7], [6, 7], [7], [0, 1, 2, 7], [0, 1, 2, 3], [0, 1, 2, 3, 4, 5]]
Final Visited: 0,0,0,0,1,1,1,1

Graph 113
Adjacency List: [[5, 6, 7], [5, 6, 7], [5, 6, 7], [6, 7], [7], [0, 1, 2, 7], [0, 1, 2, 3, 7], [0, 1, 2, 3, 4, 5, 6]]
Final Visited: 0,0,0,0,0,1,1,1

Graph 114
Adjacency List: [[5, 6, 7], [5, 6, 7], [5, 6, 7], [6, 7], [7], [0, 1, 2, 6], [0, 1, 2, 3, 5], [0, 1, 2, 3, 4]]
Final Visited: 0,0,0,0,1,1,1,1

Graph 115
Adjacency List: [[5, 6, 7], [5, 6, 7], [5, 6, 7], [6, 7], [7], [0, 1, 2, 6], [0, 1, 2, 3, 5, 7], [0, 1, 2, 3, 4, 6]]
Final Visited: 0,0,0,0,1,1,1,1

Graph 116
Adjacency List: [[5, 6, 7], [5, 6, 7], [5, 6, 7], [6, 7], [7], [0, 1, 2, 6, 7], [0, 1, 2, 3, 5], [0, 1, 2, 3, 4, 5]]
Final Visited: 0,0,0,0,1,1,1,1

Graph 117
Adjacency List: [[5, 6, 7], [5, 6, 7], [5, 6, 7], [6, 7], [7], [0, 1, 2, 6, 7], [0, 1, 2, 3, 5, 7], [0, 1, 2, 3, 4, 5, 6]]
Final Visited: 0,0,0,0,0,1,1,1

Graph 118
Adjacency List: [[5, 6, 7], [5, 6, 7], [5, 6], [5, 7], [6], [0, 1, 2, 3, 7], [0, 1, 2, 4, 7], [0, 1, 3, 5, 6]]
Final Visited: 0,0,0,1,1,1,1,1

Graph 119
Adjacency List: [[5, 6, 7], [5, 6, 7], [5, 6, 7], [5], [6, 7], [0, 1, 2, 3, 7], [0, 1, 2, 4], [0, 1, 2, 4, 5]]
Final Visited: 0,0,0,1,1,1,1,1

Graph 120
Adjacency List: [[5, 6, 7], [5, 6, 7], [5, 6, 7], [5, 7], [6], [0, 1, 2, 3, 7], [0, 1, 2, 4], [0, 1, 2, 3, 5]]
Final Visited: 0,0,0,1,1,1,1,1

Graph 121
Adjacency List: [[5, 6, 7], [5, 6, 7], [5, 6, 7], [5, 7], [6], [0, 1, 2, 3, 7], [0, 1, 2, 4, 7], [0, 1, 2, 3, 5, 6]]
Final Visited: 0,0,0,1,1,1,1,1

Graph 122
Adjacency List: [[5, 6, 7], [5, 6, 7], [5, 6], [5, 6], [7], [0, 1, 2, 3, 7], [0, 1, 2, 3, 7], [0, 1, 4, 5, 6]]
Final Visited: 0,0,1,1,1,1,1,1

Graph 123
Adjacency List: [[5, 6, 7], [5, 6, 7], [5, 6, 7], [5, 6], [7], [0, 1, 2, 3], [0, 1, 2, 3], [0, 1, 2, 4]]
Final Visited: 0,0,0,1,1,1,1,1

Graph 124
Adjacency List: [[5, 6, 7], [5, 6, 7], [5, 6, 7], [5, 6], [7], [0, 1, 2, 3, 7], [0, 1, 2, 3, 7], [0, 1, 2, 4, 5, 6]]
Final Visited: 0,0,0,1,1,1,1,1

Graph 125
Adjacency List: [[5, 6, 7], [5, 6, 7], [5, 6, 7], [5, 6, 7], [7], [0, 1, 2, 3], [0, 1, 2, 3], [0, 1, 2, 3, 4]]
Final Visited: 0,0,0,0,1,1,1,1

Graph 126
Adjacency List: [[5, 6, 7], [5, 6, 7], [5, 6, 7], [5, 6, 7], [7], [0, 1, 2, 3, 7], [0, 1, 2, 3], [0, 1, 2, 3, 4, 5]]
Final Visited: 0,0,0,0,1,1,1,1

Graph 127
Adjacency List: [[5, 6, 7], [5, 6, 7], [5, 6, 7], [5, 6, 7], [7], [0, 1, 2, 3, 7], [0, 1, 2, 3, 7], [0, 1, 2, 3, 4, 5, 6]]
Final Visited: 0,0,0,0,0,1,1,1

Graph 128
Adjacency List: [[5, 6, 7], [5, 6, 7], [5, 6, 7], [5, 6], [7], [0, 1, 2, 3, 6, 7], [0, 1, 2, 3, 5, 7], [0, 1, 2, 4, 5, 6]]
Final Visited: 0,0,0,1,1,1,1,1

Graph 129
Adjacency List: [[5, 6, 7], [5, 6, 7], [5, 6, 7], [5, 6, 7], [7], [0, 1, 2, 3, 6, 7], [0, 1, 2, 3, 5], [0, 1, 2, 3, 4, 5]]
Final Visited: 0,0,0,0,1,1,1,1

Graph 130
Adjacency List: [[5, 6, 7], [5, 6, 7], [5, 6, 7], [5, 6, 7], [7], [0, 1, 2, 3, 6, 7], [0, 1, 2, 3, 5, 7], [0, 1, 2, 3, 4, 5, 6]]
Final Visited: 0,0,0,0,0,1,1,1

Graph 131
Adjacency List: [[5, 6, 7], [5, 6, 7], [5, 6, 7], [5, 6, 7], [6], [0, 1, 2, 3, 7], [0, 1, 2, 3, 4], [0, 1, 2, 3, 5]]
Final Visited: 0,0,0,0,1,1,1,1

Graph 132
Adjacency List: [[4, 6], [5, 7], [6, 7], [6], [0, 7], [1, 7], [0, 2, 3], [1, 2, 4, 5]]
Final Visited: 0,1,1,1,1,1,1,1

Graph 133
Adjacency List: [[4, 6, 7], [5, 7], [6, 7], [6], [0, 6], [1, 7], [0, 2, 3, 4], [0, 1, 2, 5]]
Final Visited: 1,1,1,1,0,1,1,1

Graph 134
Adjacency List: [[4, 7], [5, 6], [5, 6], [6], [0, 7], [1, 2, 7], [1, 2, 3, 7], [0, 4, 5, 6]]
Final Visited: 1,1,1,1,1,1,1,0

Graph 135
Adjacency List: [[4, 6], [5, 7], [5, 7], [7], [0, 6], [1, 2, 6, 7], [0, 4, 5, 7], [1, 2, 3, 5, 6]]
Final Visited: 1,1,1,1,1,1,0,1

Graph 136
Adjacency List: [[4, 6, 7], [5, 7], [5, 7], [7], [0, 6], [1, 2, 6], [0, 4, 5], [0, 1, 2, 3]]
Final Visited: 0,1,1,1,1,1,1,1

Graph 137
Adjacency List: [[4, 6, 7], [5, 7], [5, 7], [7], [0, 6], [1, 2, 6], [0, 4, 5, 7], [0, 1, 2, 3, 6]]
Final Visited: 0,1,1,1,1,1,0,1

Graph 138
Adjacency List: [[4, 6, 7], [5, 7], [5, 7], [7], [0, 6], [1, 2, 6, 7], [0, 4, 5], [0, 1, 2, 3, 5]]
Final Visited: 0,1,1,1,1,1,1,1

Graph 139
Adjacency List: [[4, 6, 7], [5, 7], [5, 7], [7], [0, 6], [1, 2, 6, 7], [0, 4, 5, 7], [0, 1, 2, 3, 5, 6]]
Final Visited: 0,1,1,1,1,1,0,1

Graph 140
Adjacency List: [[4, 6, 7], [5, 7], [5, 7], [7], [0, 6, 7], [1, 2, 6], [0, 4, 5], [0, 1, 2, 3, 4]]
Final Visited: 0,0,0,1,0,1,1,1

Graph 141
Adjacency List: [[4, 6, 7], [5, 7], [5, 7], [7], [0, 6, 7], [1, 2, 6], [0, 4, 5, 7], [0, 1, 2, 3, 4, 6]]
Final Visited: 0,0,0,1,0,1,0,1

Graph 142
Adjacency List: [[4, 6, 7], [5, 7], [5, 7], [7], [0, 6, 7], [1, 2, 6, 7], [0, 4, 5], [0, 1, 2, 3, 4, 5]]
Final Visited: 0,0,0,1,0,1,1,1

Graph 143
Adjacency List: [[4, 6, 7], [5, 7], [5, 7], [7], [0, 6, 7], [1, 2, 6, 7], [0, 4, 5, 7], [0, 1, 2, 3, 4, 5, 6]]
Final Visited: 0,0,0,0,0,1,0,1

Graph 144
Adjacency List: [[4, 6, 7], [5, 6], [5, 6], [5], [0, 7], [1, 2, 3, 7], [0, 1, 2, 7], [0, 4, 5, 6]]
Final Visited: 1,1,1,1,1,1,1,0

Graph 145
Adjacency List: [[4, 5, 7], [6, 7], [6, 7], [7], [0, 5], [0, 4], [1, 2, 7], [0, 1, 2, 3, 6]]
Final Visited: 0,1,1,1,1,1,1,1

Graph 146
Adjacency List: [[4, 5, 7], [6, 7], [6, 7], [7], [0, 5, 7], [0, 4], [1, 2, 7], [0, 1, 2, 3, 4, 6]]
Final Visited: 0,1,1,1,0,1,1,1

Graph 147
Adjacency List: [[4, 5, 7], [6, 7], [6, 7], [7], [0, 5, 7], [0, 4, 7], [1, 2], [0, 1, 2, 3, 4, 5]]
Final Visited: 1,0,0,1,1,1,1,1

Graph 148
Adjacency List: [[4, 5, 7], [6, 7], [6, 7], [7], [0, 5, 7], [0, 4, 7], [1, 2, 7], [0, 1, 2, 3, 4, 5, 6]]
Final Visited: 0,0,0,0,0,0,0,1

Graph 149
Adjacency List: [[4, 5, 7], [6, 7], [6, 7], [6], [0, 5, 7], [0, 4, 7], [1, 2, 3], [0, 1, 2, 4, 5]]
Final Visited: 1,0,0,1,1,1,1,1

Graph 150
Adjacency List: [[4, 5, 7], [6, 7], [6, 7], [6], [0, 5, 7], [0, 4, 7], [1, 2, 3, 7], [0, 1, 2, 4, 5, 6]]
Final Visited: 1,0,0,1,1,1,1,1

Graph 151
Adjacency List: [[4, 5, 6, 7], [6, 7], [6, 7], [7], [0, 5, 6], [0, 4, 7], [0, 1, 2, 4], [0, 1, 2, 3, 5]]
Final Visited: 0,0,0,1,1,0,1,1

Graph 152
Adjacency List: [[4, 5, 6, 7], [6, 7], [6, 7], [7], [0, 5, 6], [0, 4, 7], [0, 1, 2, 4, 7], [0, 1, 2, 3, 5, 6]]
Final Visited: 0,0,0,1,1,0,1,1

Graph 153
Adjacency List: [[4, 5, 6, 7], [6, 7], [6, 7], [7], [0, 5, 6, 7], [0, 4], [0, 1, 2, 4], [0, 1, 2, 3, 4]]
Final Visited: 0,1,1,1,0,1,1,1

Graph 154
Adjacency List: [[4, 5, 6, 7], [6, 7], [6, 7], [7], [0, 5, 6, 7], [0, 4], [0, 1, 2, 4, 7], [0, 1, 2, 3, 4, 6]]
Final Visited: 0,1,1,1,0,1,1,1

Graph 155
Adjacency List: [[4, 5, 6, 7], [6, 7], [6, 7], [7], [0, 5, 6, 7], [0, 4, 7], [0, 1, 2, 4], [0, 1, 2, 3, 4, 5]]
Final Visited: 0,0,0,1,0,0,1,1

Graph 156
Adjacency List: [[4, 5, 6, 7], [6, 7], [6, 7], [7], [0, 5, 6, 7], [0, 4, 7], [0, 1, 2, 4, 7], [0, 1, 2, 3, 4, 5, 6]]
Final Visited: 0,0,0,0,0,0,1,1

Graph 157
Adjacency List: [[4, 5, 6, 7], [6, 7], [6, 7], [7], [0, 5, 6, 7], [0, 4, 6, 7], [0, 1, 2, 4, 5], [0, 1, 2, 3, 4, 5]]
Final Visited: 0,0,0,1,0,0,1,1

Graph 158
Adjacency List: [[4, 5, 6, 7], [6, 7], [6, 7], [7], [0, 5, 6, 7], [0, 4, 6, 7], [0, 1, 2, 4, 5, 7], [0, 1, 2, 3, 4, 5, 6]]
Final Visited: 0,0,0,0,0,0,1,1

Graph 159
Adjacency List: [[4, 5, 6], [6, 7], [6, 7], [6], [0, 5, 7], [0, 4, 7], [0, 1, 2, 3], [1, 2, 4, 5]]
Final Visited: 0,0,0,1,1,1,1,1

Graph 160
Adjacency List: [[4, 5, 6], [6, 7], [6, 7], [6], [0, 5, 7], [0, 4, 7], [0, 1, 2, 3, 7], [1, 2, 4, 5, 6]]
Final Visited: 0,0,0,1,1,1,1,1

Graph 161
Adjacency List: [[4, 5, 6, 7], [6, 7], [6, 7], [6], [0, 5, 7], [0, 4], [0, 1, 2, 3, 7], [0, 1, 2, 4, 6]]
Final Visited: 0,1,1,1,1,1,1,1

Graph 162
Adjacency List: [[4, 5, 6, 7], [6, 7], [6, 7], [6], [0, 5, 7], [0, 4, 7], [0, 1, 2, 3], [0, 1, 2, 4, 5]]
Final Visited: 0,0,0,1,1,1,1,1

Graph 163
Adjacency List: [[4, 5, 6, 7], [6, 7], [6, 7], [6], [0, 5, 7], [0, 4, 7], [0, 1, 2, 3, 7], [0, 1, 2, 4, 5, 6]]
Final Visited: 0,0,0,1,1,1,1,1

Graph 164
Adjacency List: [[4, 5, 6, 7], [6, 7], [6, 7], [6], [0, 5, 6, 7], [0, 4, 7], [0, 1, 2, 3, 4], [0, 1, 2, 4, 5]]
Final Visited: 0,0,0,1,0,1,1,1

Graph 165
Adjacency List: [[4, 5, 6, 7], [6, 7], [6, 7], [6], [0, 5, 6, 7], [0, 4, 7], [0, 1, 2, 3, 4, 7], [0, 1, 2, 4, 5, 6]]
Final Visited: 0,0,0,1,0,1,1,1

